1950	2.75223	2.02528	5.0191	6.5305	6.14735	4.49968	3.30214
1951	2.76348	2.01979	4.61227	6.14617	5.85355	4.44961	3.30501
1952	2.81627	2.06615	4.6674	6.0717	5.80164	4.45679	3.26846
1953	2.87668	2.1769	5.29894	6.53937	6.15338	4.44246	3.26669
1954	2.76996	2.1395	5.03937	6.50233	6.22421	4.44338	3.26286
1955	2.77769	2.03642	4.69155	6.25006	5.98841	4.48152	3.28371
1956	2.82868	1.98578	4.5391	6.2031	5.99725	4.52076	3.31
1957	2.8137	1.94231	4.4356	5.99136	5.85713	4.50167	3.31597
1958	2.83874	1.9447	4.41369	6.06284	5.83316	4.49027	3.30323
1959	2.8109	1.93631	4.23162	5.86859	5.68769	4.47658	3.29872
1960	2.85868	1.96192	4.05638	5.74527	5.6032	4.50985	3.28336
1961	2.8114	1.97176	4.2071	5.8753	5.65758	4.47919	3.27069
1962	2.81451	2.07799	4.1067	5.88079	5.6016	4.4737	3.24632
1963	2.8193	2.10275	4.48441	6.07072	5.81878	4.4343	3.28643
1964	2.79036	2.05354	3.99044	5.65626	5.45059	4.34111	3.279
1965	2.88559	2.03883	4.18235	5.84085	5.49344	4.33635	3.28275
1966	2.85664	1.99538	4.15238	5.83881	5.53794	4.32554	3.26061
1967	2.89408	2.01392	4.28449	5.93423	5.65291	4.32657	3.2369
1968	2.82377	1.99111	4.2082	5.90847	5.6508	4.36674	3.16989
1969	2.81718	1.92175	4.14456	5.96542	5.72986	4.36939	3.16805
1970	2.82085	1.9191	4.07293	5.96047	5.74587	4.38816	3.16694
1971	2.81677	1.90712	3.97138	5.8083	5.48637	4.35103	3.15043
1972	2.84714	1.9811	4.38751	6.02158	5.75993	4.28761	3.13014
1973	2.84982	2.01868	4.27385	6.06237	5.75917	4.27076	3.08378
1974	2.82722	2.03436	4.66883	6.28257	5.97271	4.29268	3.06096
1975	2.76556	2.01555	4.51126	6.15552	5.93217	4.30447	3.08431
1976	2.77262	2.01158	4.45249	6.2054	5.88369	4.24396	3.08552
1977	2.76377	2.08218	4.92918	6.64328	6.33479	4.17296	3.09398
1978	2.75709	2.07057	4.94253	6.54056	6.18828	4.19209	3.08562
1979	2.77093	2.04965	4.82035	6.46809	6.068	4.27838	3.03166
1980	2.77868	1.98132	4.25237	6.07668	5.75606	4.28645	2.9388
1981	2.83636	2.03714	4.40337	6.14579	5.87803	4.2688	2.89286
1982	2.8106	2.08808	4.70181	6.35864	6.04884	4.32884	2.90459
1983	2.7475	2.04161	4.72781	6.60229	6.29855	4.32275	3.00152
1984	2.75002	1.98838	4.25747	6.25119	6.00145	4.28915	3.10443
1985	2.80257	2.06647	4.78895	6.47772	6.11608	4.26427	3.12406
1986	2.76156	2.0638	4.68845	6.3724	6.01797	4.32259	3.06879
1987	2.75941	2.15628	5.023	6.6872	6.33074	4.4097	3.06806
1988	2.75084	2.20134	5.13185	6.77877	6.47798	4.45595	3.13667
1989	2.75859	2.21566	5.1265	6.58761	6.29301	4.42003	3.16438
1990	2.77663	2.21378	5.32706	6.83653	6.42767	4.43204	3.18224
1991	2.77661	2.23165	5.70205	7.14686	6.67969	4.504	3.20379
1992	2.79224	2.28122	6.03846	7.24057	6.78542	4.54482	3.23345
1993	2.74202	2.21881	5.32198	6.7682	6.5199	4.57065	3.24482
1994	2.81468	2.28841	5.36277	6.79271	6.48495	4.56082	3.25014
1995	2.80156	2.31134	4.90874	6.4387	6.1823	4.52909	3.21503
1996	2.77932	2.36131	5.22205	6.69006	6.3454	4.5219	3.22097
1997	2.78826	2.36987	5.04678	6.67259	6.39534	4.57204	3.27017
1998	2.80761	2.37613	4.96279	6.54428	6.34676	4.54925	3.27755
1999	2.77927	2.36476	5.0185	6.62028	6.2628	4.5404	3.24511
2000	2.80606	2.38019	4.9838	6.65636	6.42192	4.60374	3.25816
2001	2.8143	2.39116	5.29597	6.87837	6.51764	4.64635	3.30594
2002	2.8729	2.42568	5.75129	7.13628	6.81493	4.65656	3.3551
2003	2.79829	2.42493	5.62612	6.97821	6.71127	4.69296	3.38937
2004	2.82053	2.44256	5.72386	7.06335	6.72259	4.67603	3.38909
2005	2.8117	2.44675	5.54185	7.02915	6.72866	4.68926	3.4151
2006	2.85276	2.53445	5.75851	7.14284	6.74039	4.69413	3.43155
2007	2.80931	2.64919	5.98565	7.25614	6.88119	4.71661	3.45637
2008	2.8067	2.69329	5.75361	7.11708	6.85519	4.79522	3.46353
2009	2.81857	2.78705	5.74378	7.07126	6.67853	4.86287	3.48137
2010	2.83595	2.9398	6.15638	7.28794	6.91002	4.94262	3.51355
2011	2.84133	2.98358	5.49488	6.80913	6.55897	4.96588	3.53291
2012	2.84725	3.02206	5.67192	6.83695	6.4876	4.95537	3.56049
2013	2.89862	3.01081	5.77763	6.93595	6.70833	4.99899	3.597
2014	2.78673	2.94794	5.57677	6.90202	6.66286	4.91835	3.60986
2015	2.91613	2.8727	5.7883	6.88311	6.45248	4.92062	3.62886
2016	2.85274	2.91764	5.77785	6.87528	6.6665	4.96218	3.63879
2017	2.83877	2.88949	5.12238	6.41503	6.09108	4.89624	3.62206
2018	2.87571	2.87081	5.02432	6.286	6.00572	4.86378	3.61294
2019	3.02176	2.81699	4.98478	6.30925	6.0902	4.91049	3.62828
2020	2.92884	2.69938	4.62506	6.19062	6.05637	4.8876	3.6202
2021	2.95549	2.6477	4.92032	6.23098	5.85223	4.8789	3.59372
2022	3.02196	2.6919	5.39046	6.70071	6.37325	4.90702	3.64078
2023	3.0146	2.72184	5.56105	6.72835	6.45841	4.92831	3.68023
2024	3.00979	2.74262	5.45516	6.65656	6.42466	4.90823	3.67503
2025	3.04934	2.83783	5.86407	6.83443	6.42005	4.92336	3.64847
2026	3.02171	2.91064	6.02107	6.99668	6.70226	4.95215	3.64808
2027	2.99426	2.93751	5.75237	6.80307	6.51736	4.98173	3.64989
2028	2.98859	2.95942	5.65944	6.59176	6.31185	5.00092	3.6395
2029	2.98038	3.03709	5.8845	6.68659	6.28557	5.00541	3.63828
2030	2.96758	3.20838	6.15787	6.90933	6.52589	5.0495	3.68289
2031	2.98578	3.37103	5.98386	6.835	6.48908	5.04826	3.71519
2032	2.97848	3.57473	6.12012	7.02733	6.68873	5.14007	3.74141
2033	3.05269	3.78149	6.38189	7.42143	6.95003	5.17276	3.7439
2034	3.05652	3.76089	5.63799	6.8676	6.61569	5.21811	3.73563
2035	3.08231	3.65749	5.65147	6.78885	6.46711	5.19354	3.72453
2036	3.0431	3.49002	5.4612	6.59754	6.28651	5.17709	3.71049
2037	2.97992	3.3272	5.3031	6.44302	6.24712	5.17998	3.74787
2038	3.00239	3.27775	5.31992	6.5652	6.2553	5.1573	3.78986
2039	3.07917	3.29319	5.32107	6.76559	6.4788	5.14315	3.81013
2040	3.04667	3.27801	5.22663	6.38609	6.12694	5.10025	3.78134
2041	3.11096	3.29601	5.51729	6.64343	6.24903	5.09836	3.74037
2042	3.17226	3.30071	5.66065	6.82946	6.33564	5.15564	3.72974
2043	3.1268	3.30215	5.43331	6.50712	6.18473	5.15537	3.71484
2044	3.17178	3.37487	5.27936	6.38235	6.16164	5.12672	3.71648
2045	3.18996	3.54456	5.49435	6.6844	6.35363	5.10945	3.70454
2046	3.20267	3.72673	5.87747	7.0133	6.36021	5.08103	3.67792
2047	3.12626	3.78446	5.75244	6.74055	6.38157	5.04366	3.66267
2048	3.03119	3.69596	5.17708	6.46113	6.12468	5.00927	3.64084
2049	3.03707	3.70258	5.25534	6.37343	6.08764	5.02441	3.60808
2050	3.05685	3.87625	5.72157	6.90177	6.27206	5.06081	3.59281
2051	3.12718	4.10169	5.95396	6.84152	6.37345	5.01982	3.6028
2052	3.11707	4.41902	6.29537	7.09761	6.73605	5.07512	3.60786
2053	3.16654	4.72689	6.21638	7.21882	6.86549	5.10583	3.60851
2054	3.2399	4.94865	6.02512	6.97643	6.93504	5.10466	3.57565
2055	3.14206	4.84197	5.69764	6.94925	6.92548	5.08722	3.59153
2056	3.14123	4.43944	5.24596	6.93801	6.97127	5.07616	3.55784
2057	3.07868	4.064	4.66254	6.36826	6.90531	5.09958	3.54815
2058	3.11199	3.96669	4.56777	6.0878	6.42746	5.21686	3.55358
2059	3.17307	3.88771	4.81354	6.26532	6.1406	5.28136	3.56428
2060	3.20291	3.84131	4.60178	6.46322	6.18318	5.23877	3.57296
2061	3.21831	3.90784	4.97312	6.64577	6.33512	5.14513	3.58721
2062	3.23312	3.97323	5.25824	7.01523	6.49732	5.06025	3.55734
2063	3.34082	4.1492	5.74363	7.57391	7.0849	4.99023	3.51479
2064	3.36535	4.3324	6.40967	8.11543	7.86024	4.96769	3.48736
2065	3.39512	4.62683	7.16758	8.34761	8.35229	5.00356	3.4289
2066	3.40944	4.85447	7.59168	8.37781	8.45009	5.13848	3.40446
2067	3.35936	5.03516	7.28003	8.39335	8.43014	5.36255	3.42968
2068	3.38783	5.16348	7.04552	8.47624	8.35721	5.40877	3.46841
2069	3.31615	5.11285	6.57908	8.38515	8.30868	5.30544	3.49844
2070	3.34119	5.09374	6.59865	8.42437	8.20496	5.19494	3.4714
2071	3.24952	4.98976	6.27106	8.18729	8.20757	5.10877	3.45483
2072	3.33295	5.04395	5.83845	7.73377	7.75795	5.19077	3.44229
2073	3.42219	5.05208	6.01372	7.74236	7.75979	5.37792	3.46126
2074	3.46211	4.97592	5.87225	7.84681	7.7711	5.42159	3.48436
2075	3.54276	4.88179	5.66772	7.88306	8.11415	5.45361	3.51828
2076	3.64316	4.79055	5.64116	7.90863	8.21216	5.54466	3.55094
2077	3.77945	4.82116	5.24413	7.71102	8.18159	5.61444	3.59197
2078	3.82935	4.7678	4.93948	7.45181	8.00602	5.57065	3.62154
2079	3.92317	4.78244	4.93815	7.59639	8.01894	5.54333	3.64648
2080	4.01793	5.00248	5.46201	7.76408	8.11088	5.624	3.68116
2081	4.09876	5.27977	5.48989	8.1975	8.26158	5.69416	3.71473
2082	4.14558	5.59722	5.59792	8.13337	8.37591	5.68086	3.73972
2083	4.28131	6.13235	5.6808	8.14107	8.37749	5.67642	3.75871
2084	4.45602	6.66568	6.13808	8.19324	8.43889	5.71832	3.7886
2085	4.48837	6.94526	6.56685	8.25809	8.49362	5.74182	3.80815
2086	4.60962	6.9637	6.35288	8.38516	8.41527	5.7591	3.81731
2087	4.70822	7.07743	6.27826	8.41383	8.54375	5.7613	3.82704
2088	4.8208	7.17092	6.28028	8.31577	8.51587	5.84478	3.87043
2089	5.01324	7.42567	6.32832	8.22236	8.33451	5.86862	3.8955
2090	5.01101	7.42092	6.13973	8.06547	8.06641	5.82154	3.91406
2091	5.17932	7.69871	6.31324	8.27307	8.08969	5.7153	3.892
2092	5.28456	7.75194	6.63389	8.39181	8.37508	5.73303	3.90021
2093	5.35386	7.80352	6.47447	8.41499	8.35049	5.76374	3.89155
2094	5.41692	8.21047	6.70215	8.4784	8.35148	5.79769	3.90955
2095	5.50304	8.33578	7.06838	8.55038	8.43738	5.83801	3.94354
2096	5.59402	8.23088	6.88582	8.60755	8.34865	5.85651	3.93118
2097	5.78881	8.36906	6.91072	8.92221	8.61545	5.83445	3.93495
2098	5.97449	8.49721	6.9576	8.92938	8.82856	5.88398	3.9659
2099	6.15517	8.64797	7.21471	9.06368	8.9471	5.95165	3.9834
2100	6.10111	8.52957	7.14147	9.04807	9.07308	6.09691	4.05608
