 1900      0    181
 1901    365    546
 1902    730    911
 1903   1095   1276
 1904   1460   1642
 1905   1826   2007
 1906   2191   2372
 1907   2556   2737
 1908   2921   3103
 1909   3287   3468
 1910   3652   3833
 1911   4017   4198
 1912   4382   4564
 1913   4748   4929
 1914   5113   5294
 1915   5478   5659
 1916   5843   6025
 1917   6209   6390
 1918   6574   6755
 1919   6939   7120
 1920   7304   7486
 1921   7670   7851
 1922   8035   8216
 1923   8400   8581
 1924   8765   8947
 1925   9131   9312
 1926   9496   9677
 1927   9861  10042
 1928  10226  10408
 1929  10592  10773
 1930  10957  11138
 1931  11322  11503
 1932  11687  11869
 1933  12053  12234
 1934  12418  12599
 1935  12783  12964
 1936  13148  13330
 1937  13514  13695
 1938  13879  14060
 1939  14244  14425
 1940  14609  14791
 1941  14975  15156
 1942  15340  15521
 1943  15705  15886
 1944  16070  16252
 1945  16436  16617
 1946  16801  16982
 1947  17166  17347
 1948  17531  17713
 1949  17897  18078
 1950  18262  18443
 1951  18627  18808
 1952  18992  19174
 1953  19358  19539
 1954  19723  19904
 1955  20088  20269
 1956  20453  20635
 1957  20819  21000
 1958  21184  21365
 1959  21549  21730
 1960  21914  22096
 1961  22280  22461
 1962  22645  22826
 1963  23010  23191
 1964  23375  23557
 1965  23741  23922
 1966  24106  24287
 1967  24471  24652
 1968  24836  25018
 1969  25202  25383
 1970  25567  25748
 1971  25932  26113
 1972  26297  26479
 1973  26663  26844
 1974  27028  27209
 1975  27393  27574
 1976  27758  27940
 1977  28124  28305
 1978  28489  28670
 1979  28854  29035
 1980  29219  29401
 1981  29585  29766
 1982  29950  30131
 1983  30315  30496
 1984  30680  30862
 1985  31046  31227
 1986  31411  31592
 1987  31776  31957
 1988  32141  32323
 1989  32507  32688
 1990  32872  33053
 1991  33237  33418
 1992  33602  33784
 1993  33968  34149
 1994  34333  34514
 1995  34698  34879
 1996  35063  35245
 1997  35429  35610
 1998  35794  35975
 1999  36159  36340
 2000  36524  36706
 2001  36890  37071
 2002  37255  37436
 2003  37620  37801
 2004  37985  38167
 2005  38351  38532
 2006  38716  38897
 2007  39081  39262
 2008  39446  39628
 2009  39812  39993
 2010  40177  40358
 2011  40542  40723
 2012  40907  41089
 2013  41273  41454
 2014  41638  41819
 2015  42003  42184
 2016  42368  42550
 2017  42734  42915
 2018  43099  43280
 2019  43464  43645
 2020  43829  44011
 2021  44195  44376
 2022  44560  44741
 2023  44925  45106
 2024  45290  45472
 2025  45656  45837
 2026  46021  46202
 2027  46386  46567
 2028  46751  46933
 2029  47117  47298
 2030  47482  47663
 2031  47847  48028
 2032  48212  48394
 2033  48578  48759
 2034  48943  49124
 2035  49308  49489
 2036  49673  49855
 2037  50039  50220
 2038  50404  50585
 2039  50769  50950
 2040  51134  51316
 2041  51500  51681
 2042  51865  52046
 2043  52230  52411
 2044  52595  52777
 2045  52961  53142
 2046  53326  53507
 2047  53691  53872
 2048  54056  54238
 2049  54422  54603
 2050  54787  54968
 2051  55152  55333
 2052  55517  55699
 2053  55883  56064
 2054  56248  56429
 2055  56613  56794
 2056  56978  57160
 2057  57344  57525
 2058  57709  57890
 2059  58074  58255
 2060  58439  58621
 2061  58805  58986
 2062  59170  59351
 2063  59535  59716
 2064  59900  60082
 2065  60266  60447
 2066  60631  60812
 2067  60996  61177
 2068  61361  61543
 2069  61727  61908
 2070  62092  62273
 2071  62457  62638
 2072  62822  63004
 2073  63188  63369
 2074  63553  63734
 2075  63918  64099
 2076  64283  64465
 2077  64649  64830
 2078  65014  65195
 2079  65379  65560
 2080  65744  65926
 2081  66110  66291
 2082  66475  66656
 2083  66840  67021
 2084  67205  67387
 2085  67571  67752
 2086  67936  68117
 2087  68301  68482
 2088  68666  68848
 2089  69032  69213
 2090  69397  69578
 2091  69762  69943
 2092  70127  70309
 2093  70493  70674
 2094  70858  71039
 2095  71223  71404
 2096  71588  71770
 2097  71954  72135
 2098  72319  72500
 2099  72684  72865
 2100  73049  73230
 2101  73414  73595
 2102  73779  73960
 2103  74144  74325
 2104  74509  74691
 2105  74875  75056
 2106  75240  75421
 2107  75605  75786
 2108  75970  76152
 2109  76336  76517
 2110  76701  76882
 2111  77066  77247
 2112  77431  77613
 2113  77797  77978
 2114  78162  78343
 2115  78527  78708
 2116  78892  79074
 2117  79258  79439
 2118  79623  79804
 2119  79988  80169
 2120  80353  80535
 2121  80719  80900
 2122  81084  81265
 2123  81449  81630
 2124  81814  81996
 2125  82180  82361
 2126  82545  82726
 2127  82910  83091
 2128  83275  83457
 2129  83641  83822
 2130  84006  84187
 2131  84371  84552
 2132  84736  84918
 2133  85102  85283
 2134  85467  85648
 2135  85832  86013
 2136  86197  86379
 2137  86563  86744
 2138  86928  87109
 2139  87293  87474
 2140  87658  87840
 2141  88024  88205
 2142  88389  88570
 2143  88754  88935
 2144  89119  89301
 2145  89485  89666
 2146  89850  90031
 2147  90215  90396
 2148  90580  90762
 2149  90946  91127
 2150  91311  91492
 2151  91676  91857
 2152  92041  92223
 2153  92407  92588
 2154  92772  92953
 2155  93137  93318
 2156  93502  93684
 2157  93868  94049
 2158  94233  94414
 2159  94598  94779
 2160  94963  95145
 2161  95329  95510
 2162  95694  95875
 2163  96059  96240
 2164  96424  96606
 2165  96790  96971
 2166  97155  97336
 2167  97520  97701
 2168  97885  98067
 2169  98251  98432
 2170  98616  98797
 2171  98981  99162
 2172  99346  99528
 2173  99712  99893
 2174 100077 100258
 2175 100442 100623
 2176 100807 100989
 2177 101173 101354
 2178 101538 101719
 2179 101903 102084
 2180 102268 102450
 2181 102634 102815
 2182 102999 103180
 2183 103364 103545
 2184 103729 103911
 2185 104095 104276
 2186 104460 104641
 2187 104825 105006
 2188 105190 105372
 2189 105556 105737
 2190 105921 106102
 2191 106286 106467
 2192 106651 106833
 2193 107017 107198
 2194 107382 107563
 2195 107747 107928
 2196 108112 108294
 2197 108478 108659
 2198 108843 109024
 2199 109208 109389
 2200 109573 109754
 2201 109938 110119
 2202 110303 110484
 2203 110668 110849
 2204 111033 111215
 2205 111399 111580
 2206 111764 111945
 2207 112129 112310
 2208 112494 112676
 2209 112860 113041
 2210 113225 113406
 2211 113590 113771
 2212 113955 114137
 2213 114321 114502
 2214 114686 114867
 2215 115051 115232
 2216 115416 115598
 2217 115782 115963
 2218 116147 116328
 2219 116512 116693
 2220 116877 117059
 2221 117243 117424
 2222 117608 117789
 2223 117973 118154
 2224 118338 118520
 2225 118704 118885
 2226 119069 119250
 2227 119434 119615
 2228 119799 119981
 2229 120165 120346
 2230 120530 120711
 2231 120895 121076
 2232 121260 121442
 2233 121626 121807
 2234 121991 122172
 2235 122356 122537
 2236 122721 122903
 2237 123087 123268
 2238 123452 123633
 2239 123817 123998
 2240 124182 124364
 2241 124548 124729
 2242 124913 125094
 2243 125278 125459
 2244 125643 125825
 2245 126009 126190
 2246 126374 126555
 2247 126739 126920
 2248 127104 127286
 2249 127470 127651
 2250 127835 128016
 2251 128200 128381
 2252 128565 128747
 2253 128931 129112
 2254 129296 129477
 2255 129661 129842
 2256 130026 130208
 2257 130392 130573
 2258 130757 130938
 2259 131122 131303
 2260 131487 131669
 2261 131853 132034
 2262 132218 132399
 2263 132583 132764
 2264 132948 133130
 2265 133314 133495
 2266 133679 133860
 2267 134044 134225
 2268 134409 134591
 2269 134775 134956
 2270 135140 135321
 2271 135505 135686
 2272 135870 136052
 2273 136236 136417
 2274 136601 136782
 2275 136966 137147
 2276 137331 137513
 2277 137697 137878
 2278 138062 138243
 2279 138427 138608
 2280 138792 138974
 2281 139158 139339
 2282 139523 139704
 2283 139888 140069
 2284 140253 140435
 2285 140619 140800
 2286 140984 141165
 2287 141349 141530
 2288 141714 141896
 2289 142080 142261
 2290 142445 142626
 2291 142810 142991
 2292 143175 143357
 2293 143541 143722
 2294 143906 144087
 2295 144271 144452
 2296 144636 144818
 2297 145002 145183
 2298 145367 145548
 2299 145732 145913
 2300 146097 146278
 2301 146462 146643
